207.0 7.00 536.0 393.0
193.0 27.0 551.0 420.0
194.0 37.0 584.0 437.0
192.0 33.0 606.0 436.0
175.0 10.0 602.0 400.0
154.0 32.0 597.0 418.0
176.0 43.0 623.0 429.0
126.0 47.0 573.0 379.0
147.0 37.0 564.0 341.0
193.0 31.0 600.0 323.0
196.0 42.0 591.0 350.0
227.0 26.0 616.0 346.0
174.0 14.0 553.0 351.0
203.0 30.0 569.0 375.0
205.0 4.00 549.0 355.0
247.0 16.0 566.0 372.0
262.0 21.0 551.0 382.0
279.0 16.0 537.0 375.0
247.0 6.00 484.0 341.0
310.0 19.0 561.0 357.0
257.0 107.0 507.0 443.0
254.0 100.0 523.0 437.0
222.0 88.0 509.0 415.0
224.0 59.0 511.0 382.0
194.0 20.0 487.0 341.0
173.0 50.0 469.0 367.0
179.0 57.0 472.0 349.0
167.0 30.0 471.0 321.0
143.0 27.0 464.0 324.0
115.0 21.0 444.0 313.0
151.0 45.0 475.0 315.0
149.0 45.0 479.0 314.0
130.0 46.0 471.0 310.0
140.0 47.0 483.0 305.0
156.0 39.0 512.0 293.0
152.0 54.0 527.0 331.0
157.0 54.0 540.0 350.0
165.0 51.0 546.0 364.0
176.0 32.0 553.0 357.0
158.0 23.0 539.0 369.0
190.0 1.00 575.0 351.0
139.0 46.0 512.0 407.0
79.00 1.00 460.0 367.0
138.0 63.0 489.0 426.0
226.0 39.0 564.0 389.0
240.0 55.0 564.0 414.0
195.0 41.0 503.0 388.0
151.0 1.00 432.0 342.0
205.0 19.0 462.0 356.0
160.0 9.00 407.0 346.0
179.0 10.0 403.0 338.0
188.0 37.0 397.0 352.0
219.0 47.0 423.0 354.0
181.0 26.0 394.0 346.0
195.0 13.0 422.0 336.0
206.0 39.0 462.0 367.0
219.0 48.0 487.0 370.0
194.0 33.0 462.0 354.0




