-2.5508 0.9872 1.1019 -0.4871 0.7673 -0.3519 0.2239
-2.4691 1.0757 1.0996 -0.4454 0.7908 -0.3627 0.2114
-2.3319 1.1799 1.1107 -0.4077 0.8121 -0.3749 0.1837
-2.1921 1.3039 1.112 -0.3546 0.8399 -0.3802 0.1557
-2.0579 1.405 1.0916 -0.2848 0.8704 -0.3827 0.1221
-1.8585 1.4244 1.0901 -0.2096 0.8898 -0.3963 0.0858
-1.6681 1.4397 1.0889 -0.1669 0.8981 -0.4036 0.0515
-1.4768 1.494 1.0823 -0.0381 0.9119 -0.408 -0.024
-1.3308 1.5641 1.0771 -0.0058 -0.9108 0.4085 0.0598
-1.1279 1.5557 1.0799 -0.0682 -0.913 0.3959 0.0705
-0.9343 1.4993 1.0839 -0.1445 -0.897 0.4038 0.107
-0.7291 1.4183 1.0731 -0.1904 -0.8912 0.3889 0.1349
-0.6052 1.3015 1.0644 -0.2859 -0.8628 0.375 0.1821
-0.5046 1.1646 1.0717 -0.3173 -0.8491 0.3709 0.2018
-0.371 1.0006 1.0469 -0.3852 -0.8263 0.3359 0.2366
-0.2798 0.8379 1.041 -0.4218 -0.801 0.3441 0.2491
-0.244 0.6645 1.037 -0.4767 -0.7642 0.339 0.2717
-0.2237 0.5276 1.0291 -0.5267 -0.7302 0.3317 0.2818
-0.1652 0.3855 0.992 -0.5928 -0.6755 0.2919 0.3272
-0.1583 0.2306 0.9804 -0.5968 -0.6637 0.304 0.333
-0.2461 0.138 0.9661 -0.6592 -0.5475 0.3345 0.3922
-0.2727 0.0571 0.9256 -0.6528 -0.5484 0.304 0.425
-0.2643 -0.0883 0.8924 -0.6995 -0.4827 0.2912 0.4392
-0.2652 -0.1506 0.9245 -0.7059 -0.5037 0.2472 0.4323
-0.3045 -0.2513 1.0231 -0.7576 -0.4739 0.1949 0.4043
-0.3214 -0.3483 1.0935 -0.7881 -0.4131 0.205 0.4077
-0.355 -0.5434 1.1132 -0.8137 -0.3519 0.2025 0.4159
-0.4216 -0.632 1.0842 -0.8338 -0.3215 0.1805 0.4109
-0.5709 -0.7039 1.0905 -0.853 -0.2736 0.1487 0.4189
-0.6784 -0.7764 1.0892 -0.8701 -0.2298 0.1137 0.421
-0.8697 -0.8985 1.0975 -0.8758 -0.1786 0.1105 0.4346
-1.0402 -0.9193 1.0879 -0.8837 -0.1347 0.0856 0.44
-1.2054 -0.9138 1.0942 -0.8959 -0.0775 0.0593 0.4334
-1.3841 -0.9139 1.1004 -0.9012 -0.034 0.0297 0.431
-1.5678 -0.8897 1.09 -0.9056 0.0124 0.0063 0.4239
-1.7028 -0.7873 1.097 -0.8994 0.0622 -0.0177 0.4323
-1.8151 -0.7055 1.0994 -0.8989 0.1032 -0.0413 0.4238
-1.98 -0.6541 1.1132 -0.8913 0.16 -0.067 0.4189
-2.1474 -0.6164 1.1051 -0.8818 0.2145 -0.0843 0.4114
-2.2441 -0.5275 1.1066 -0.8624 0.2864 -0.0937 0.4067
-2.3441 -0.4434 1.1156 -0.8676 0.2986 -0.1047 0.3837
-2.3844 -0.3738 1.1478 -0.8363 0.3529 -0.154 0.3903
-2.3806 -0.3684 1.1422 -0.8237 0.4174 -0.1444 0.3556
-2.4697 -0.2827 1.1886 -0.8146 0.3928 -0.1827 0.3856
-2.5874 -0.1709 1.1961 -0.8269 0.3908 -0.1601 0.3712
-2.6213 -0.0986 1.2251 -0.8072 0.4179 -0.1686 0.3812
-2.6543 -0.0312 1.2287 -0.7813 0.4828 -0.1931 0.3452
-2.7015 0.0672 1.2179 -0.7367 0.5665 -0.2032 0.3084
-2.7779 0.1718 1.2415 -0.7324 0.5586 -0.2273 0.316
-2.7911 0.2175 1.2397 -0.7031 0.5976 -0.2545 0.2893
-2.8112 0.3029 1.2555 -0.6862 0.6212 -0.2554 0.2794
-2.8302 0.4497 1.2677 -0.6376 0.6605 -0.2868 0.2738
-2.8575 0.5893 1.2733 -0.6207 0.6707 -0.3104 0.2617
-2.8391 0.6635 1.2827 -0.5653 0.7276 -0.3093 0.2352
-2.8206 0.7592 1.2867 -0.5539 0.7424 -0.3032 0.2237
-2.7594 0.9179 1.3087 -0.5035 0.7696 -0.3156 0.2336
-2.7223 1.0345 1.3228 -0.4835 0.7802 -0.3255 0.2271
-2.7302 1.051 1.3149 -0.4803 0.7867 -0.332 0.2003
